SCD 1
1 22490U 93009B   26164.49974617  .00000261  00000+0  20752-4 0  9992
2 22490  24.9682 230.3462 0042166  98.8821 283.6877 14.46117229760589
TECHSAT 1B (GO-32)
1 25397U 98043D   26164.55223931  .00000058  00000+0  45458-4 0  9991
2 25397  99.0066 157.2191 0000861 170.7253 189.3941 14.24427810450810
SCD 2
1 25504U 98060A   26164.15409937  .00000382  00000+0  55754-4 0  9998
2 25504  24.9947  97.0290 0016973  80.8885 302.2821 14.45524442459745
DLR-TUBSAT
1 25757U 99029B   26164.57335849  .00000083  00000+0  32188-4 0  9994
2 25757  98.6695 159.9585 0014287   6.2008 353.9360 14.52426073432722
TERRA
1 25994U 99068A   26164.60549288  .00000372  00000+0  84721-4 0  9999
2 25994  97.9457 214.2937 0001301 202.9904 281.7027 14.61100584409089
MAROC-TUBSAT
1 27004U 01056D   26164.49745985 -.00000021  00000+0  29069-4 0  9998
2 27004  99.8079 341.2875 0020211 150.4942 271.7689 13.70262358225688
AQUA
1 27424U 02022A   26164.65383666  .00000730  00000+0  15503-3 0  9993
2 27424  98.4276 133.8661 0001241  53.3746 119.8360 14.62153388282754
SHIYAN-1 (SY-1)
1 28220U 04012A   26164.53002658  .00013311  00000+0  41104-3 0  9990
2 28220  97.8697 242.3605 0005918  45.1549 315.0172 15.33673555210538
AURA
1 28376U 04026A   26164.63100009  .00000728  00000+0  15713-3 0  9992
2 28376  98.3416 121.0549 0001250  73.1466 286.9871 14.61324340165692
IRS-P5 (CARTOSAT-1)
1 28649U 05017A   26164.58864453  .00001239  00000+0  13051-3 0  9991
2 28649  97.5309 187.8164 0002679  84.3919 275.7606 14.91040793143286
SINAH 1
1 28893U 05043D   26164.56885581  .00000293  00000+0  65147-4 0  9997
2 28893  98.2855 298.8696 0013173 289.2498  70.7279 14.64155501 99994
RESURS-DK 1
1 29228U 06021A   26164.59797958  .00002608  00000+0  15259-3 0  9990
2 29228  69.9338 348.8437 0006778 294.4297  65.6162 15.13204015102039
